3.200000000000000000e+01 1.097011226071618921e+03 0.000000000000000000e+00
3.700000000000000000e+01 1.180263884855244896e+03 0.000000000000000000e+00
4.200000000000000000e+01 1.426971515849126035e+03 0.000000000000000000e+00
4.700000000000000000e+01 1.364659104739585018e+03 0.000000000000000000e+00
5.200000000000000000e+01 1.329061177950584351e+03 0.000000000000000000e+00
5.700000000000000000e+01 1.607196585820717019e+03 0.000000000000000000e+00
6.200000000000000000e+01 1.663413476450824191e+03 0.000000000000000000e+00
6.700000000000000000e+01 1.838404147555686222e+03 0.000000000000000000e+00
7.200000000000000000e+01 1.974242381463969650e+03 0.000000000000000000e+00
7.700000000000000000e+01 1.765668945706445584e+03 0.000000000000000000e+00
8.200000000000000000e+01 2.168038055272999372e+03 0.000000000000000000e+00
8.700000000000000000e+01 2.330994361409879730e+03 0.000000000000000000e+00
9.200000000000000000e+01 2.446649740042031226e+03 0.000000000000000000e+00
9.700000000000000000e+01 2.484457194133879511e+03 0.000000000000000000e+00
1.040000000000000000e+02 2.951154313123006887e+03 0.000000000000000000e+00
1.130000000000000000e+02 3.221961405215342438e+03 0.000000000000000000e+00
1.220000000000000000e+02 3.382728377246211494e+03 0.000000000000000000e+00
1.310000000000000000e+02 3.592099731424570564e+03 0.000000000000000000e+00
1.400000000000000000e+02 4.229837268798388322e+03 0.000000000000000000e+00
1.490000000000000000e+02 4.251388740842023253e+03 0.000000000000000000e+00
1.580000000000000000e+02 4.778708487926364796e+03 0.000000000000000000e+00
1.670000000000000000e+02 4.844795184983766376e+03 0.000000000000000000e+00
1.760000000000000000e+02 5.120625655931710753e+03 0.000000000000000000e+00
1.850000000000000000e+02 5.373972330413761483e+03 0.000000000000000000e+00
1.940000000000000000e+02 5.542701362167176740e+03 0.000000000000000000e+00
2.030000000000000000e+02 5.446219294427502064e+03 0.000000000000000000e+00
2.120000000000000000e+02 5.636340502017601466e+03 0.000000000000000000e+00
2.210000000000000000e+02 5.816479677744881883e+03 0.000000000000000000e+00
2.300000000000000000e+02 5.684656493358530497e+03 0.000000000000000000e+00
2.390000000000000000e+02 5.776155280051919362e+03 0.000000000000000000e+00
2.480000000000000000e+02 5.435465850766745461e+03 0.000000000000000000e+00
2.570000000000000000e+02 5.227995900549330145e+03 0.000000000000000000e+00
2.660000000000000000e+02 5.090292914756886603e+03 0.000000000000000000e+00
2.750000000000000000e+02 5.096486529718255952e+03 0.000000000000000000e+00
2.840000000000000000e+02 4.546183650094605582e+03 0.000000000000000000e+00
2.930000000000000000e+02 4.371248504457830677e+03 0.000000000000000000e+00
3.020000000000000000e+02 3.935716548358675482e+03 0.000000000000000000e+00
3.110000000000000000e+02 3.649986482469063958e+03 0.000000000000000000e+00
3.200000000000000000e+02 3.411942924067851436e+03 0.000000000000000000e+00
3.290000000000000000e+02 3.173932977450817361e+03 0.000000000000000000e+00
3.380000000000000000e+02 2.842132744086802632e+03 0.000000000000000000e+00
3.470000000000000000e+02 2.498236191811356093e+03 0.000000000000000000e+00
3.560000000000000000e+02 2.358309141304642253e+03 0.000000000000000000e+00
3.650000000000000000e+02 2.186328095484702317e+03 0.000000000000000000e+00
3.740000000000000000e+02 2.038677275369992913e+03 0.000000000000000000e+00
3.830000000000000000e+02 1.891756649881713656e+03 0.000000000000000000e+00
3.920000000000000000e+02 1.787588845245841412e+03 0.000000000000000000e+00
4.010000000000000000e+02 1.734580506434406971e+03 0.000000000000000000e+00
4.100000000000000000e+02 1.738054152891312469e+03 0.000000000000000000e+00
4.190000000000000000e+02 1.731606208505639415e+03 0.000000000000000000e+00
4.280000000000000000e+02 1.770012765394592179e+03 0.000000000000000000e+00
4.370000000000000000e+02 1.770677580240445423e+03 0.000000000000000000e+00
4.460000000000000000e+02 1.856789256587657746e+03 0.000000000000000000e+00
4.550000000000000000e+02 2.045901591250907813e+03 0.000000000000000000e+00
4.640000000000000000e+02 2.224699672748937701e+03 0.000000000000000000e+00
4.730000000000000000e+02 2.178241824500021266e+03 0.000000000000000000e+00
4.820000000000000000e+02 2.323358011524285757e+03 0.000000000000000000e+00
4.910000000000000000e+02 2.418698069768334335e+03 0.000000000000000000e+00
5.000000000000000000e+02 2.447253333595048389e+03 0.000000000000000000e+00
5.090000000000000000e+02 2.577773197159931897e+03 0.000000000000000000e+00
5.180000000000000000e+02 2.558513869557080852e+03 0.000000000000000000e+00
5.270000000000000000e+02 2.579216772566910095e+03 0.000000000000000000e+00
5.360000000000000000e+02 2.523979339913621061e+03 0.000000000000000000e+00
5.450000000000000000e+02 2.519148877635674580e+03 0.000000000000000000e+00
5.540000000000000000e+02 2.566585835363808201e+03 0.000000000000000000e+00
5.630000000000000000e+02 2.545993832512238896e+03 0.000000000000000000e+00
5.720000000000000000e+02 2.409804016645395222e+03 0.000000000000000000e+00
5.810000000000000000e+02 2.410125000010933945e+03 0.000000000000000000e+00
5.900000000000000000e+02 2.373459357577167339e+03 0.000000000000000000e+00
5.990000000000000000e+02 2.206464054119196135e+03 0.000000000000000000e+00
6.080000000000000000e+02 2.119699812917831423e+03 0.000000000000000000e+00
6.170000000000000000e+02 2.135453623825351315e+03 0.000000000000000000e+00
6.260000000000000000e+02 1.951197093578989779e+03 0.000000000000000000e+00
6.350000000000000000e+02 1.938186141000560383e+03 0.000000000000000000e+00
6.440000000000000000e+02 1.859899213542219968e+03 0.000000000000000000e+00
6.530000000000000000e+02 1.847084634024445677e+03 0.000000000000000000e+00
6.620000000000000000e+02 1.848181339985958175e+03 0.000000000000000000e+00
6.710000000000000000e+02 1.814955596252223131e+03 0.000000000000000000e+00
6.800000000000000000e+02 1.760563884308461638e+03 0.000000000000000000e+00
6.890000000000000000e+02 1.822407496588441063e+03 0.000000000000000000e+00
6.980000000000000000e+02 1.884915013676429453e+03 0.000000000000000000e+00
7.070000000000000000e+02 1.890996388652220730e+03 0.000000000000000000e+00
7.160000000000000000e+02 1.908767582841957164e+03 0.000000000000000000e+00
7.250000000000000000e+02 1.994290835653898284e+03 0.000000000000000000e+00
7.340000000000000000e+02 2.050056824571954166e+03 0.000000000000000000e+00
7.430000000000000000e+02 2.184751670190503773e+03 0.000000000000000000e+00
7.520000000000000000e+02 2.260002628746673963e+03 0.000000000000000000e+00
7.610000000000000000e+02 2.344605284959753135e+03 0.000000000000000000e+00
7.700000000000000000e+02 2.348381461219828452e+03 0.000000000000000000e+00
7.790000000000000000e+02 2.350930525990560454e+03 0.000000000000000000e+00
7.880000000000000000e+02 2.481011834782163533e+03 0.000000000000000000e+00
7.970000000000000000e+02 2.466933044943439654e+03 0.000000000000000000e+00
8.060000000000000000e+02 2.493805778983291475e+03 0.000000000000000000e+00
8.150000000000000000e+02 2.552727802876592705e+03 0.000000000000000000e+00
8.240000000000000000e+02 2.521806055147536426e+03 0.000000000000000000e+00
8.330000000000000000e+02 2.495016219063993958e+03 0.000000000000000000e+00
8.420000000000000000e+02 2.505468509077866656e+03 0.000000000000000000e+00
8.510000000000000000e+02 2.383143897106983331e+03 0.000000000000000000e+00
8.600000000000000000e+02 2.355547104418893014e+03 0.000000000000000000e+00
8.690000000000000000e+02 2.237415603351581012e+03 0.000000000000000000e+00
8.780000000000000000e+02 2.168281433864751307e+03 0.000000000000000000e+00
8.870000000000000000e+02 2.073720015193930976e+03 0.000000000000000000e+00
8.960000000000000000e+02 1.948824058950785911e+03 0.000000000000000000e+00
9.050000000000000000e+02 1.843368710843463077e+03 0.000000000000000000e+00
9.140000000000000000e+02 1.745603670989101374e+03 0.000000000000000000e+00
9.230000000000000000e+02 1.619452479701028551e+03 0.000000000000000000e+00
9.320000000000000000e+02 1.562393122923370356e+03 0.000000000000000000e+00
9.410000000000000000e+02 1.437545524397026384e+03 0.000000000000000000e+00
9.500000000000000000e+02 1.342388217737441437e+03 0.000000000000000000e+00
9.590000000000000000e+02 1.285752230058694295e+03 0.000000000000000000e+00
9.680000000000000000e+02 1.232839638763569610e+03 0.000000000000000000e+00
9.770000000000000000e+02 1.129032725333195003e+03 0.000000000000000000e+00
9.860000000000000000e+02 1.103574851078950360e+03 0.000000000000000000e+00
9.950000000000000000e+02 1.087317790449671747e+03 0.000000000000000000e+00
1.004000000000000000e+03 1.024825013833217099e+03 0.000000000000000000e+00
1.013000000000000000e+03 1.079480635995443208e+03 0.000000000000000000e+00
1.022000000000000000e+03 1.032406228611948336e+03 0.000000000000000000e+00
1.031000000000000000e+03 1.040790933939488696e+03 0.000000000000000000e+00
1.040000000000000000e+03 1.055905504113641427e+03 0.000000000000000000e+00
1.049000000000000000e+03 1.081977219332752611e+03 0.000000000000000000e+00
1.058000000000000000e+03 1.129808841983302955e+03 0.000000000000000000e+00
1.067000000000000000e+03 1.122391595958099970e+03 0.000000000000000000e+00
1.076000000000000000e+03 1.153287556143977099e+03 0.000000000000000000e+00
1.085000000000000000e+03 1.217710908513654658e+03 0.000000000000000000e+00
1.094000000000000000e+03 1.216975801794902964e+03 0.000000000000000000e+00
1.103000000000000000e+03 1.211436834816041710e+03 0.000000000000000000e+00
1.112000000000000000e+03 1.213360923968732550e+03 0.000000000000000000e+00
1.121000000000000000e+03 1.246291156112119097e+03 0.000000000000000000e+00
1.130000000000000000e+03 1.237540428443209748e+03 0.000000000000000000e+00
1.139000000000000000e+03 1.215832738640840262e+03 0.000000000000000000e+00
1.148000000000000000e+03 1.212523213997965058e+03 0.000000000000000000e+00
1.157000000000000000e+03 1.220581061768956033e+03 0.000000000000000000e+00
1.166000000000000000e+03 1.159291120076476545e+03 0.000000000000000000e+00
1.175000000000000000e+03 1.143305586947610664e+03 0.000000000000000000e+00
1.184000000000000000e+03 1.136558908097942094e+03 0.000000000000000000e+00
1.193000000000000000e+03 1.086246115113728138e+03 0.000000000000000000e+00
1.202000000000000000e+03 1.005407436937436046e+03 0.000000000000000000e+00
1.211000000000000000e+03 9.751885777516830558e+02 0.000000000000000000e+00
1.220000000000000000e+03 9.707303880337307191e+02 0.000000000000000000e+00
1.229000000000000000e+03 9.065138334443699932e+02 0.000000000000000000e+00
1.238000000000000000e+03 8.955061737270286812e+02 0.000000000000000000e+00
1.247000000000000000e+03 8.600534946613696548e+02 0.000000000000000000e+00
1.256000000000000000e+03 8.056177038826928083e+02 0.000000000000000000e+00
1.265000000000000000e+03 7.774892787674542660e+02 0.000000000000000000e+00
1.274000000000000000e+03 7.700160886586778588e+02 0.000000000000000000e+00
1.283000000000000000e+03 7.365451671030376701e+02 0.000000000000000000e+00
1.292000000000000000e+03 7.581802803640733828e+02 0.000000000000000000e+00
1.301000000000000000e+03 7.338561572580000529e+02 0.000000000000000000e+00
1.310000000000000000e+03 7.125323743523023268e+02 0.000000000000000000e+00
1.319000000000000000e+03 7.189027693571913460e+02 0.000000000000000000e+00
1.328000000000000000e+03 7.234078110489114124e+02 0.000000000000000000e+00
1.337000000000000000e+03 7.579369177482451505e+02 0.000000000000000000e+00
1.346000000000000000e+03 7.376664607567156509e+02 0.000000000000000000e+00
1.355000000000000000e+03 7.651342513338678373e+02 0.000000000000000000e+00
1.364000000000000000e+03 7.769230064101208200e+02 0.000000000000000000e+00
1.373000000000000000e+03 7.773617784340763137e+02 0.000000000000000000e+00
1.382000000000000000e+03 7.739814315541374299e+02 0.000000000000000000e+00
1.391000000000000000e+03 8.060441858987906016e+02 0.000000000000000000e+00
1.400000000000000000e+03 8.301770307731057983e+02 0.000000000000000000e+00
1.409000000000000000e+03 8.221859743985123714e+02 0.000000000000000000e+00
1.418000000000000000e+03 8.181060226703900753e+02 0.000000000000000000e+00
1.427000000000000000e+03 7.962518800480705750e+02 0.000000000000000000e+00
1.436000000000000000e+03 8.034634401831585819e+02 0.000000000000000000e+00
1.445000000000000000e+03 7.986546507777831039e+02 0.000000000000000000e+00
1.454000000000000000e+03 7.738334970942964901e+02 0.000000000000000000e+00
1.463000000000000000e+03 7.621832253791283165e+02 0.000000000000000000e+00
1.472000000000000000e+03 7.495315073360272891e+02 0.000000000000000000e+00
1.481000000000000000e+03 7.381851023358136672e+02 0.000000000000000000e+00
1.490000000000000000e+03 7.274240913793976233e+02 0.000000000000000000e+00
1.499000000000000000e+03 7.016423622387137584e+02 0.000000000000000000e+00
1.512000000000000000e+03 6.556775842321960681e+02 0.000000000000000000e+00
1.529000000000000000e+03 5.883896006900213251e+02 0.000000000000000000e+00
1.546000000000000000e+03 5.470099743377990080e+02 0.000000000000000000e+00
1.563000000000000000e+03 5.036570100360729043e+02 0.000000000000000000e+00
1.580000000000000000e+03 4.680392301160767943e+02 0.000000000000000000e+00
1.597000000000000000e+03 4.291114179609357961e+02 0.000000000000000000e+00
1.614000000000000000e+03 4.079252555087562087e+02 0.000000000000000000e+00
1.631000000000000000e+03 3.995768180479936404e+02 0.000000000000000000e+00
1.648000000000000000e+03 3.890966287106782602e+02 0.000000000000000000e+00
1.665000000000000000e+03 3.914966081342985262e+02 0.000000000000000000e+00
1.682000000000000000e+03 3.853958110854550227e+02 0.000000000000000000e+00
1.699000000000000000e+03 4.003675747803715126e+02 0.000000000000000000e+00
1.716000000000000000e+03 3.930388144027139106e+02 0.000000000000000000e+00
1.733000000000000000e+03 4.076102736367906800e+02 0.000000000000000000e+00
1.750000000000000000e+03 3.777157023266671558e+02 0.000000000000000000e+00
1.767000000000000000e+03 3.790193359046110118e+02 0.000000000000000000e+00
1.784000000000000000e+03 3.773595480146964292e+02 0.000000000000000000e+00
1.801000000000000000e+03 3.587960070178078809e+02 0.000000000000000000e+00
1.818000000000000000e+03 3.424462091604101488e+02 0.000000000000000000e+00
1.835000000000000000e+03 3.130059257026229034e+02 0.000000000000000000e+00
1.852000000000000000e+03 3.053782922805245335e+02 0.000000000000000000e+00
1.869000000000000000e+03 2.761467845492607012e+02 0.000000000000000000e+00
1.886000000000000000e+03 2.659109218380169750e+02 0.000000000000000000e+00
1.903000000000000000e+03 2.499201655609851400e+02 0.000000000000000000e+00
1.920000000000000000e+03 2.579602020825720388e+02 0.000000000000000000e+00
1.937000000000000000e+03 2.453420699890304775e+02 0.000000000000000000e+00
1.954000000000000000e+03 2.313127021251622750e+02 0.000000000000000000e+00
1.971000000000000000e+03 2.292786366100046678e+02 0.000000000000000000e+00
1.988000000000000000e+03 2.258247445767472357e+02 0.000000000000000000e+00
2.005000000000000000e+03 2.400862437112627674e+02 0.000000000000000000e+00
2.030000000000000000e+03 2.339825163474592102e+02 0.000000000000000000e+00
2.063000000000000000e+03 2.162465002378957024e+02 0.000000000000000000e+00
2.096000000000000000e+03 2.049084185032858443e+02 0.000000000000000000e+00
2.129000000000000000e+03 2.000924399535158500e+02 0.000000000000000000e+00
2.162000000000000000e+03 1.687620993202754960e+02 0.000000000000000000e+00
2.195000000000000000e+03 1.401443212073749578e+02 0.000000000000000000e+00
2.228000000000000000e+03 1.292233545231927678e+02 0.000000000000000000e+00
2.261000000000000000e+03 1.183042353097552137e+02 0.000000000000000000e+00
2.294000000000000000e+03 1.185096166274251885e+02 0.000000000000000000e+00
2.327000000000000000e+03 1.154072664173352791e+02 0.000000000000000000e+00
2.360000000000000000e+03 1.149986265173304503e+02 0.000000000000000000e+00
2.393000000000000000e+03 1.269175270570523395e+02 0.000000000000000000e+00
2.426000000000000000e+03 9.000696603706779797e+01 0.000000000000000000e+00
2.459000000000000000e+03 8.394568779865684860e+01 0.000000000000000000e+00
2.492000000000000000e+03 7.870671236614626309e+01 0.000000000000000000e+00
